19 , 10 , 0 , 35
13 , 13 , 0 , 38
12 , 9 , 0 , 43
13 , 7 , 0 , 44
9 , 7 , 0 , 48
18 , 6 , 0 , 40
11 , 9 , 0 , 44
18 , 7 , 0 , 39
15 , 8 , 0 , 41
11 , 6 , 0 , 47
19 , 6 , 0 , 39
13 , 10 , 0 , 41
10 , 7 , 0 , 47
19 , 5 , 0 , 40
13 , 8 , 0 , 43
22 , 6 , 0 , 36
14 , 10 , 0 , 40
11 , 8 , 0 , 45
11 , 5 , 0 , 48
16 , 5 , 0 , 43
25 , 9 , 0 , 30
17 , 13 , 1 , 33
15 , 11 , 1 , 37
15 , 8 , 1 , 40
9 , 6 , 1 , 48
17 , 5 , 0 , 42

19 , 10 , 0 , 35
13 , 13 , 0 , 38
12 , 9 , 0 , 43
13 , 7 , 0 , 44
8 , 7 , 0 , 49
18 , 6 , 0 , 40
11 , 9 , 0 , 44
18 , 7 , 0 , 39
15 , 8 , 0 , 41
12 , 6 , 0 , 46
19 , 6 , 0 , 39
13 , 10 , 0 , 41
10 , 7 , 0 , 47
19 , 5 , 0 , 40
12 , 8 , 0 , 44
22 , 6 , 0 , 36
14 , 10 , 0 , 40
11 , 8 , 0 , 45
11 , 5 , 0 , 48
17 , 5 , 0 , 42
25 , 9 , 0 , 30
17 , 13 , 1 , 33
15 , 11 , 1 , 37
15 , 8 , 1 , 40
9 , 6 , 1 , 48
17 , 5 , 0 , 42

53 , 19 , 10 , 0 , 35
54 , 13 , 13 , 0 , 38
55 , 12 , 9 , 0 , 43
56 , 13 , 7 , 0 , 44
57 , 8 , 7 , 0 , 49
58 , 18 , 6 , 0 , 40
59 , 11 , 9 , 0 , 44
60 , 18 , 7 , 0 , 39
61 , 15 , 8 , 0 , 41
62 , 12 , 6 , 0 , 46
63 , 19 , 6 , 0 , 39
64 , 13 , 10 , 0 , 41
65 , 10 , 7 , 0 , 47
66 , 19 , 5 , 0 , 40
67 , 12 , 8 , 0 , 44
68 , 22 , 6 , 0 , 36
69 , 14 , 10 , 0 , 40
70 , 11 , 8 , 0 , 45
71 , 11 , 5 , 0 , 48
72 , 17 , 5 , 0 , 42
73 , 25 , 9 , 0 , 30
74 , 17 , 13 , 1 , 33
75 , 15 , 11 , 1 , 37
76 , 15 , 8 , 1 , 40
77 , 9 , 6 , 1 , 48
78 , 17 , 5 , 0 , 42
79 , 19 , 10 , 0 , 35
80 , 13 , 13 , 0 , 38
81 , 12 , 9 , 0 , 43
82 , 13 , 7 , 0 , 44
83 , 8 , 7 , 0 , 49
84 , 18 , 6 , 0 , 40
85 , 11 , 9 , 0 , 44
86 , 18 , 7 , 0 , 39
87 , 15 , 8 , 0 , 41
88 , 12 , 6 , 0 , 46
89 , 19 , 6 , 0 , 39
90 , 13 , 10 , 0 , 41
91 , 10 , 7 , 0 , 47
92 , 19 , 5 , 0 , 40
93 , 12 , 8 , 0 , 44
94 , 22 , 6 , 0 , 36
95 , 14 , 10 , 0 , 40
96 , 11 , 8 , 0 , 45
97 , 11 , 5 , 0 , 48
98 , 17 , 5 , 0 , 42
99 , 25 , 9 , 0 , 30
100 , 17 , 13 , 1 , 33
101 , 15 , 11 , 1 , 37
102 , 15 , 8 , 1 , 40
103 , 9 , 6 , 1 , 48
104 , 17 , 5 , 0 , 42
105 , 19 , 10 , 0 , 35
106 , 13 , 13 , 0 , 38
107 , 12 , 9 , 0 , 43
108 , 13 , 7 , 0 , 44
109 , 8 , 7 , 0 , 49
110 , 18 , 6 , 0 , 40
111 , 11 , 9 , 0 , 44
112 , 18 , 7 , 0 , 39
113 , 15 , 8 , 0 , 41
114 , 12 , 6 , 0 , 46
115 , 19 , 6 , 0 , 39
116 , 13 , 10 , 0 , 41
117 , 10 , 7 , 0 , 47
118 , 19 , 5 , 0 , 40
119 , 12 , 8 , 0 , 44
120 , 22 , 6 , 0 , 36
121 , 14 , 10 , 0 , 40
122 , 11 , 8 , 0 , 45
123 , 11 , 5 , 0 , 48
124 , 17 , 5 , 0 , 42
125 , 25 , 9 , 0 , 30
126 , 17 , 13 , 1 , 33
127 , 15 , 11 , 1 , 37
128 , 15 , 8 , 1 , 40
129 , 9 , 6 , 1 , 48
